# Tiles Problem, generated at: Tue Mar 21 23:14:38 EDT 2023
# Landscape
2 1 3   4 4 2   1 1 3 1 4 3 1 2 1 2 2 2 
1 3 2 2 3   1 2 4 4 1     3 1   4 3 2 2 
3   1 1 2 4   2 4   1 2 1   1     2 3 1 
4   4 4 4 3 1 2 2     2 1 3 4 1   4   3 
3 4       2   1 2 3 4     3 1 4 4 2   2 
4     4 1 2 4 3 2   4 3 1 2 1 3   3     
  2     4 3   1   1 2 1 3   2 4 2 2   2 
1 4 2 3 3 1 2 4 4 3 1 3 3 4 3 4 2 1 4 1 
1 2 2 3 3       4 2     3     1 2 4 1   
3 2       4 4 1 1 4 2 2 1 3   3   4 4 1 
2 2 2 2   3   2 2 3 1 4 2 2   1         
2 3 4 3 3 4   3     1 1 2 1 1 3 1 4   2 
1   3   1 3 1 2 2 4   2 3   3 2 3 4 2 4 
1   2 3 3   3 3 4 1   2   2 2 2 2 3 1 4 
3   2 3 2 3 2 3 3 1 1 3 2 2 2   1 1 4   
1 4 1 1 4     4 1 2 3   4 1 1   4 3 3   
  1 1 3 2 4 3 3     1   3 1 1 3 2   2 2 
2 2   2 3 2 4 1 4 2 3 3   3   3 1 1   2 
2 1 3 3 3 4 3 4 3 4 4 3 2 1 2 4 3   2 4 
3 4   3 1   2 2 2   3 3 1 3 4 1 2 2 4 4 

# Tiles: 
{OUTER_BOUNDARY=6, EL_SHAPE=9, FULL_BLOCK=10}

# Targets: 
1:20
2:21
3:21
4:15


